16798
19232
5363
11214
10140
10498
17699
8791
2415
16383
9404
4097
9495
19081
19184
3381
2072
3859
14464
1576
11997
9721
6118
13987
6216
7042
2859
15762
15863
14105
5182
2416
4113
18369
12462
10267
12502
19850
9607
10171
14171
17217
5321
18617
4251
17338
11406
3511
5960
13439
13215
3837
4168
10538
4415
5556
6200
8503
2206
1172
3392
11281
18262
10154
14441
16266
18048
19946
7272
15472
1160
16732
6429
10243
11328
3766
6630
17870
19230
10173
10218
1948
15755
7558
11337
4033
12594
1125
12451
6869
10064
4894
13100
15856
16430
15737
7882
1895
12367
14410
10380
13762
13553
10606
15673
11605
2654
19570
16350
16630
12829
7372
6365
6752
17690
13405
2427
16777
16586
17413
14625
9976
6844
16756
8315
5221
19592
16195
10877
17026
17091
16022
11248
17050
13344
2528
2244
15810
18339
16484
2557
1206
4233
13586
11403
5498
1770
18361
12936
4709
13705
8193
11810
10798
5452
1050
9885
16496
12265
4371
10214
18402
5984
1831
6403
14853
13304
1846
16191
13659
16384
11785
4698
7174
6452
6165
17491
5370
12008
8441
19403
6361
12901
11064
15750
12993
17289
10340
10279
6595
11957
6982
17642
4484
19125
7379
18077
19500
18807
8681
3309
2915
6475
9807
19982
11781
10696
4221
13851
10357
6424
9237
13505
11351
14186
3675
14465
6713
10418
11352
2962
14924
13019
2525
14733
6736
11507
18833
8786
8872
12606
17903
1079
8435
8168
7804
17422
6647
18553
7543
4855
18636
16648
10813
9388
5919
16418
4735
19881
6528
1164
10056
1117
17624
2708
7537
6744
9684
4701
7176
14983
3192
11216
16953
9170
8187
15047
8358
5793
18732
15002
18189
7432
6510
6905
3763
10610
6221
12830
19433
18461
1386
13925
6827
3188
5577
2547
3667
3647
1310
9016
3857
13307
9400
13528
7635
7736
16042
2225
4729
7999
1548
12444
16446
7160
14187
5412
7180
4739
19346
5768
13675
6626
15608
13432
9382
10041
12631
12771
3070
15704
13829
17829
6004
16701
5606
9413
6832
19714
9636
14897
14718
9601
9475
1729
9420
15779
1688
18427
15140
11
5943
4049
4463346
3446
364346
3
634
6
6
34634634
45
36
34
5
6
4
6
55
5
5
555
54
2
4
